E.g predict: [(), (), (), (), (), (), (), ('angry', 'fiery', 'heated', 'passionate', 'storming')]

Score SVM:
0.14579439252336449

              precision    recall  f1-score   support

           0       0.01      0.71      0.01         7
           1       0.69      0.19      0.29       128
           2       0.71      0.36      0.48       197
           3       0.50      0.07      0.12        14
           4       0.00      0.00      0.00         2
           5       0.00      0.00      0.00         1
          11       0.55      0.09      0.15       179
          13       0.00      0.00      0.00         4
          14       0.00      0.00      0.00         6
          15       0.60      0.17      0.26       178
          17       1.00      0.50      0.67         6
          18       0.00      0.00      0.00         2
          19       0.00      0.00      0.00         1
          22       0.00      0.00      0.00         2
          24       0.00      0.00      0.00         6
          25       0.00      0.00      0.00         4
          28       0.00      0.00      0.00         2
          32       0.00      0.00      0.00         3
          38       0.00      0.00      0.00         4
          43       0.00      0.00      0.00         0
          50       0.00      0.00      0.00        46
          54       0.00      0.00      0.00         9
          55       0.00      0.00      0.00         4
          56       0.00      0.00      0.00         8
          59       0.45      0.03      0.05       196
          62       0.00      0.00      0.00         4
          63       0.00      0.00      0.00         1
          65       0.50      0.06      0.11        16
          66       0.00      0.00      0.00         4
          69       0.00      0.00      0.00         4
          74       0.00      0.00      0.00         1
          78       0.00      0.00      0.00         1
          84       0.00      0.00      0.00        12
          91       0.00      0.00      0.00         1
          96       0.00      0.00      0.00        16
          97       0.00      0.00      0.00         1

    accuracy                           0.15      1070
   macro avg       0.14      0.06      0.06      1070
weighted avg       0.51      0.15      0.21      1070

E.g. predict: [(), ('angry', 'fiery', 'heated', 'passionate', 'storming'), (), (), (), (), (), ('angry', 'fiery', 'heated', 'passionate', 'storming')]

Score Forest:
0.18224299065420557
              precision    recall  f1-score   support

           0       0.01      1.00      0.02         7
           1       0.71      0.25      0.37       128
           2       0.72      0.42      0.53       197
           3       0.50      0.14      0.22        14
           4       0.00      0.00      0.00         2
           5       0.00      0.00      0.00         1
          11       0.53      0.10      0.17       179
          13       0.00      0.00      0.00         4
          14       0.00      0.00      0.00         6
          15       0.77      0.26      0.39       178
          17       1.00      0.50      0.67         6
          18       0.00      0.00      0.00         2
          19       0.00      0.00      0.00         1
          22       0.00      0.00      0.00         2
          24       0.25      0.17      0.20         6
          25       0.00      0.00      0.00         4
          28       0.00      0.00      0.00         2
          32       0.00      0.00      0.00         3
          38       0.00      0.00      0.00         4
          43       0.00      0.00      0.00         0
          50       0.00      0.00      0.00        46
          54       0.00      0.00      0.00         9
          55       0.00      0.00      0.00         4
          56       0.00      0.00      0.00         8
          59       0.25      0.01      0.02       196
          62       0.00      0.00      0.00         4
          63       0.00      0.00      0.00         1
          65       0.00      0.00      0.00        16
          66       0.00      0.00      0.00         4
          69       0.00      0.00      0.00         4
          74       0.00      0.00      0.00         1
          78       0.00      0.00      0.00         1
          84       0.00      0.00      0.00        12
          91       0.00      0.00      0.00         1
          96       0.06      0.06      0.06        16
          97       0.00      0.00      0.00         1

    accuracy                           0.18      1070
   macro avg       0.13      0.08      0.07      1070
weighted avg       0.49      0.18      0.25      1070
