UndefinedMetricWarning: Precision and F-score are ill-defined and being set to 0.0 in labels with no predicted samples.
UndefinedMetricWarning: Recall and F-score are ill-defined and being set to 0.0 in labels with no true samples.

              precision    recall  f1-score   support

           0       0.00      0.00      0.00         6
           1       0.78      0.20      0.32       106
           2       0.65      0.38      0.48       159
           3       0.00      0.00      0.00         6
           4       0.00      0.00      0.00         1
           5       0.00      0.00      0.00         1
          10       0.00      0.00      0.00         1
          11       0.38      0.02      0.04       150
          13       0.00      0.00      0.00         4
          14       0.00      0.00      0.00         4
          15       0.93      0.09      0.16       158
          17       1.00      0.33      0.50         6
          18       0.00      0.00      0.00         3
          19       0.00      0.00      0.00         1
          20       0.00      0.00      0.00         0
          21       0.00      0.00      0.00         0
          22       0.00      0.00      0.00         2
          24       0.00      0.00      0.00         6
          25       0.00      0.00      0.00         4
          30       0.00      0.00      0.00         0
          32       0.00      0.00      0.00         3
          37       0.00      0.00      0.00         0
          38       0.00      0.00      0.00         5
          40       0.00      0.00      0.00         1
          50       0.00      0.00      0.00        41
          51       0.00      0.00      0.00         0
          52       0.00      0.00      0.00         0
          54       0.00      0.00      0.00         6
          55       0.00      0.00      0.00         2
          56       0.00      0.00      0.00         9
          58       0.00      0.00      0.00         0
          59       0.20      0.01      0.01       141
          62       0.00      0.00      0.00         5
          63       0.00      0.00      0.00         3
          65       0.00      0.00      0.00        13
          68       0.00      0.00      0.00         0
          69       0.00      0.00      0.00         1
          72       0.00      0.00      0.00         0
          73       0.00      0.00      0.00         0
          74       0.00      0.00      0.00         2
          75       0.00      0.00      0.00         0
          80       0.00      0.00      0.00         0
          84       0.00      0.00      0.00        11
          87       0.00      0.00      0.00         0
          91       0.00      0.00      0.00         1
          96       0.00      0.00      0.00        11

    accuracy                           0.12       873
   macro avg       0.09      0.02      0.03       873
weighted avg       0.49      0.12      0.17       873


Score:
0.30469644902634596

UndefinedMetricWarning: Recall and F-score are ill-defined and being set to 0.0 in labels with no true samples.
UndefinedMetricWarning: Precision and F-score are ill-defined and being set to 0.0 in labels with no predicted samples.
              precision    recall  f1-score   support
           0       0.00      0.00      0.00         6
           1       0.46      0.42      0.44       106
           2       0.56      0.64      0.60       159
           3       0.41      0.21      0.27       150
           4       0.01      0.25      0.01         4
           5       0.45      0.34      0.39       158
           6       1.00      0.33      0.50         6
           7       0.00      0.00      0.00         3
           8       0.00      0.00      0.00         0
           9       1.00      0.14      0.25         7
          10       0.00      0.00      0.00         4
          11       0.00      0.00      0.00         1
          12       0.00      0.00      0.00         0
          13       0.00      0.00      0.00         0
          14       0.00      0.00      0.00         5
          16       0.00      0.00      0.00         0
          17       0.00      0.00      0.00         0
          20       0.18      0.05      0.08        41
          21       0.00      0.00      0.00         0
          23       0.00      0.00      0.00        11
          24       0.00      0.00      0.00         6
          25       1.00      0.11      0.20         9
          26       0.00      0.00      0.00         0
          27       0.26      0.18      0.22       142
          28       0.17      0.09      0.12        11
          29       0.00      0.00      0.00         3
          30       0.00      0.00      0.00        13
          31       0.00      0.00      0.00         0
          32       0.00      0.00      0.00         0
          33       0.00      0.00      0.00         1
          34       0.00      0.00      0.00         0
          35       0.00      0.00      0.00         2
          38       0.00      0.00      0.00         0
          39       0.14      0.09      0.11        11
          40       0.00      0.00      0.00         0
          41       0.00      0.00      0.00         1
          43       0.00      0.00      0.00         1
          46       0.00      0.00      0.00        11
          48       0.00      0.00      0.00         1

    accuracy                           0.30       873
   macro avg       0.14      0.07      0.08       873
weighted avg       0.39      0.30      0.33       873

